==========
ps_ind_02_cat
1.0    72.555493
2.0    20.761174
3.0     4.735456
4.0     1.911588
NA	    0.036289

==========
ps_ind_04_cat
0.0    58.292676
1.0    41.693380
NA	    0.013944

==========
ps_ind_05_cat
0.0    88.709401
6.0     3.471368
4.0     3.081927
1.0     1.398157
3.0     1.383205
2.0     0.702943
5.0     0.277044
NA	    0.975954

==========
ps_car_01_cat
11.0    34.873793
7.0     30.114816
6.0     10.482484
10.0     8.414985
4.0      4.397425
9.0      3.414414
5.0      3.047990
8.0      2.535735
3.0      1.118593
0.0      0.991915
2.0      0.360208
1.0      0.229666
NA	     0.017976

==========
ps_car_02_cat
1.0    82.993958
0.0    17.005202
NA	    0.000840

==========치환필요
ps_car_03_cat
1.0    18.599927
0.0    12.310236
NA	   69.089836

==========치환필요
ps_car_05_cat
1.0    29.009328
0.0    26.208141
NA	44.782531266

==========
ps_car_07_cat
1.0    92.932938
0.0     5.136825
NA	1.9302366215

==========
ps_car_09_cat
2.0    59.387580
0.0    32.680457
1.0     4.885654
3.0     2.479117
4.0     0.471597
NA	0.0955961909

==========
ps_car_11
3.0    53.580741
2.0    31.812699
1.0    10.240385
0.0     4.365335
NA	0.0008400368